   8.6046512e-01   8.2352941e-01   8.2857143e-01   7.9591837e-01   8.0434783e-01
   8.6000000e-01   8.1578947e-01   8.3673469e-01   8.6046512e-01   9.0243902e-01
   8.0000000e-01   8.0851064e-01   8.1818182e-01   8.5714286e-01   7.6190476e-01
   8.5714286e-01   8.1395349e-01   8.5365854e-01   8.3783784e-01   8.8095238e-01
   8.8372093e-01   7.8571429e-01   8.6956522e-01   8.7500000e-01   8.5106383e-01
   8.1395349e-01   8.5416667e-01   8.8636364e-01   8.6956522e-01   8.2500000e-01
   8.5714286e-01   8.4090909e-01   8.7234043e-01   8.5365854e-01   8.1632653e-01
   8.4444444e-01   9.3181818e-01   8.4090909e-01   7.6190476e-01   8.3720930e-01
   8.5365854e-01   8.2500000e-01   9.2682927e-01   8.9743590e-01   8.8372093e-01
   8.8235294e-01   8.7804878e-01   8.5714286e-01   9.0000000e-01   9.3023256e-01
